m=1240;L=2.580;a=1.036;b=1.544;I_z=1518;k_1=-37292*2;k_2=-26250*2;u=20/3.6;u_1=80/3.6;u_2=100/3.6;%数据
%m=1818.2;L=3.084;a=1.436;b=1.585;I_z=3885;k_1=-62618;k_2=-110185;u=60/3.6;u_1=80/3.6;u_2=100/3.6;%数据
K=m/L^2*(a/k_2-b/k_1);
a_11=(a^2*k_1+b^2*k_2)/I_z/u;a_12=(a*k_1-b*k_2)/I_z;b_11=-a*k_1/I_z;
a_21=(a*k_1-b*k_2)/m/u^2-1;a_22=(k_1+k_2)/m/u;b_21=-k_1/m/u;
a1_11=(a^2*k_1+b^2*k_2)/I_z/u_1;a1_12=(a*k_1-b*k_2)/I_z;b1_11=-a*k_1/I_z;
a1_21=(a*k_1-b*k_2)/m/u_1^2-1;a1_22=(k_1+k_2)/m/u_1;b1_21=-k_1/m/u_1;
a2_11=(a^2*k_1+b^2*k_2)/I_z/u_2;a2_12=(a*k_1-b*k_2)/I_z;b2_11=-a*k_1/I_z;
a2_21=(a*k_1-b*k_2)/m/u_2^2-1;a2_22=(k_1+k_2)/m/u_2;b2_21=-k_1/m/u_2;